0.0230179
0.0135318
0.0137489
0.0149558
0.0142154
0.0136488
0.0133229
0.0136193
0.0137195
0.013521
0.0232804
0.035315
0.0412698
0.051462
0.0579973
0.0643824
0.0721671
0.079297
0.0854142
0.09
0.088301
0.08698
0.085804
0.0855352
0.0842697
0.0823699
0.0810727
0.0808142
0.0801007
0.0782558
0.0777465
0.0766579
0.0756472
0.0749868
0.0748098
0.0737135
0.0729283
0.0724037
0.0717022
0.0712441
0.0712149
0.0706877
0.070449
0.0697371
0.0690281
0.0683725
0.0676135
0.0670583
0.0664803
0.0660832
0.065407
0.0646145
0.0643011
0.0640362
0.0636438
0.0632468
0.0625276
0.0618853
0.061615
0.0613471
0.0609277
0.0605661
0.0601026
0.0596282
0.0592816
0.0587173
0.0582622
0.0577897
0.0576281
0.0572971
0.0569142
0.0566618
0.0564359
0.0558971
0.0556263
0.0552448
0.0547993
0.0545268
0.0543265
0.0543268
0.0539951
0.0537698
0.0536084
0.0533018
0.0530082
0.0528229
0.0523771
0.052077
0.0517534
0.0515334
0.0513843
0.0513093
0.0510621
0.0507711
0.0505808
0.0502211
0.0501235
0.0499472
0.0497052
0.0495141
0.04934
0.0494688
0.0492527
0.0492426
0.0490063
0.0488576
0.0487805
0.0486786
0.0484604
0.0482821
0.0481868
0.0479759
0.0481056
0.0478037
0.0477771
0.047785
0.0477092
0.0474132
0.0473414
0.0471694
0.047015
0.0468372
0.0466401
0.0464029
0.0463174
0.0462528
0.046103
0.0459534
0.0457684
0.0457815
0.0457561
0.0456477
0.0457116
0.0455212
0.045305
0.0452459
0.0450868
0.0448796
0.0445857
0.0444579
0.0444249
0.0442689
0.044106
0.043944
0.0438682
0.0437832
0.0436572
0.0436661
0.0435807
0.0433929
0.0433689
0.0432868
0.0431799
0.0432217
0.0430143
0.0428775
0.0426604
0.0424022
0.0421905
0.0419989
0.0420513
0.0419202
0.0417745
0.0416971
0.0417286
0.0416982
0.0416781
0.0416044
0.0414529
0.0414036
0.0412385
0.0411355
0.041038
0.0410221
0.0409943
0.0410193
0.0409041
0.0407966
0.0405643
0.0404008
0.0402075
0.0401347
0.0400489
0.0399801
0.0399207
0.0398285
0.0398858
0.0397228
0.0397279
0.0396423
0.0395935
0.0395024
0.0393598
0.039434
0.0393035
0.0391582
0.0391905
0.0390677
0.0389393
0.0389039
0.0388161
0.0387213
0.0386939
0.0385929
0.038642
0.0385938
0.0385333
0.0384381
0.0382791
0.0382524
0.0382355
0.0381717
0.0381417
0.038086
0.0380671
0.0379835
0.0378207
0.0378194
0.0377483
0.0376432
0.0375794
0.0375856
0.0375334
0.0374881
0.0375671
0.0374047
0.0372475
0.0372193
0.0371437
0.0370268
0.0370296
0.0369548
0.0369957
0.0369418
0.0368592
0.03679
0.0367232
0.0366767
0.0366917
0.0366483
0.0366267
0.0365751
0.0365414
0.0365036
0.036448
0.0364099
0.0363504
0.036256
0.0361805
