0.416118
0.44086
0.445646
0.442583
0.441176
0.439641
0.444651
0.442469
0.439078
0.438611
0.442296
0.443995
0.446125
0.448429
0.449413
0.448753
0.44995
0.450397
0.450727
0.452564
0.451159
0.452627
0.451436
0.451421
0.451638
0.451453
0.451015
0.452146
0.451607
0.450323
0.450754
0.450693
0.450093
0.449992
0.449076
0.448503
0.448245
0.448922
0.449584
0.45069
0.450318
0.44922
0.448201
0.447309
0.446794
0.445664
0.444705
0.445213
0.444962
0.444569
0.444072
0.443964
0.444158
0.443635
0.443883
0.443509
0.442988
0.443142
0.443041
0.443167
0.442367
0.441743
0.442593
0.442039
0.442017
0.442292
0.442008
0.442272
0.442742
0.442891
0.442212
0.442133
0.44194
0.441652
0.441665
0.4422
0.442413
0.442056
0.442423
0.442377
0.442673
0.442769
0.442029
0.44227
0.442031
0.442365
0.442493
0.442765
0.44255
0.441986
0.441432
0.441616
0.441642
0.441146
0.440998
0.440642
0.44082
0.441007
0.4411
0.441269
0.441265
0.441804
0.441904
0.441508
0.441443
0.441627
0.441596
0.441675
0.44182
0.441408
0.441635
0.44125
0.44109
0.4412
0.441075
0.44113
0.441268
0.440956
0.441121
0.440833
0.440937
0.440987
0.441071
0.4409
0.440995
0.441125
0.441047
0.440944
0.440982
0.440413
0.440378
0.440084
0.439566
0.439099
0.438256
0.438202
0.438193
0.438358
0.438603
0.438724
0.438742
0.438411
0.438257
0.438463
0.438428
0.438488
0.438376
0.438263
0.437474
