0.325217
0.322751
0.307147
0.303757
0.300936
0.30144
0.300309
0.300112
0.297745
0.294393
0.289594
0.280054
0.26922
0.260673
0.251718
0.245334
0.239932
0.23636
0.23085
0.225862
0.229289
0.229796
0.22996
0.233096
0.234446
0.235059
0.23556
0.235715
0.236536
0.23637
0.241046
0.244574
0.245395
0.247607
0.249831
0.252382
0.253496
0.256124
0.257865
0.260119
0.258181
0.257734
0.257323
0.254794
0.254176
0.254301
0.253594
0.25408
0.253424
0.25352
0.25239
0.252492
0.251784
0.249823
0.249181
0.248375
0.247582
0.246747
0.245717
0.244842
0.243355
0.2417
0.240253
0.238622
0.236053
0.235158
0.233687
0.232365
0.230293
0.229916
0.228705
0.22783
0.226939
0.226844
0.226707
0.225686
0.225474
0.224545
0.223955
0.222902
0.222522
0.221796
0.2211
0.22069
0.220102
0.219233
0.217989
0.217258
0.216629
0.215697
0.215187
0.214331
0.213598
0.213086
0.21288
0.212301
0.211658
0.211854
0.211685
0.211248
0.210875
0.210743
0.210829
0.210714
0.210047
0.209685
0.209662
0.209038
0.208295
0.207809
0.207517
0.20715
0.206998
0.206948
0.206511
0.206625
0.206315
0.206068
0.205809
0.205463
0.205143
0.204138
0.203697
0.203517
0.203626
0.203276
0.202979
0.202698
0.202604
0.202528
0.202492
0.202338
0.202392
0.202544
0.20229
0.202132
0.202149
0.202246
0.202528
0.2027
0.202022
0.20155
0.201134
0.200447
0.199877
0.198937
0.19792
0.196956
0.1958
0.194965
0.194849
0.194524
0.194227
0.194155
0.193637
0.193372
0.193318
0.192969
0.192723
0.192577
0.192267
0.192154
0.19186
0.191767
0.19152
0.191455
0.190971
0.190218
0.189628
0.189116
0.188301
0.187789
0.18716
0.18678
0.186504
0.186132
0.185974
0.18546
0.185151
0.184684
0.184753
0.184784
0.184812
0.184999
0.185111
0.184801
0.184895
0.184669
0.184638
0.184825
0.18474
0.184516
0.18448
0.184429
0.184362
0.184264
0.184139
0.183982
0.18359
0.183237
0.183074
0.182891
0.182813
0.182808
0.182788
0.182123
0.18145
0.181218
0.181027
0.180606
0.18041
0.180277
0.180367
0.180079
0.179761
0.179223
0.178744
0.178398
0.17788
0.177593
0.177439
0.177525
0.177554
0.177483
0.177155
0.17689
0.176988
0.177153
0.177239
0.176976
0.17722
0.17715
0.176892
0.17694
0.176945
0.17684
0.176734
0.176481
0.176035
