0
0
0
0
0
0
0
0
0
0
0
0
0
0
0
0
0
0
0
0
0
0.00854701
0.038674
0.0645161
0.0880829
0.103015
0.133495
0.139151
0.136891
0.154709
0.157778
0.164835
0.175966
0.189076
0.202062
0.215292
0.222222
0.229572
0.236641
0.242991
0.264973
0.275492
0.290718
0.301724
0.311224
0.319328
0.332784
0.345719
0.357143
0.367188
0.376923
0.383562
0.394619
0.403535
0.413043
0.425532
0.43828
0.448229
0.456376
0.464286
0.473342
0.475389
0.482759
0.495012
0.501232
0.507299
0.51555
0.521842
0.528522
0.53341
0.539773
0.543405
0.547486
0.553965
0.558824
0.563578
0.56823
0.574132
0.579002
0.583762
0.588832
0.590495
0.595808
0.602941
0.608696
0.612811
0.616114
0.619003
0.622554
0.627415
0.631483
0.634806
0.64032
0.645359
0.648132
0.650862
0.654437
0.65765
0.661088
0.664735
0.666667
0.669657
0.673387
0.677033
0.681102
0.682602
0.684825
0.687741
0.689893
0.692483
0.697309
0.699778
0.701107
0.70438
0.706946
0.709677
0.711949
0.713781
0.716585
0.718945
0.721458
0.723926
0.725424
0.727823
0.72982
0.731788
0.733377
0.734948
0.736156
0.739214
0.740883
0.742366
0.744318
0.745763
0.748291
0.749846
0.751534
0.753799
0.755435
0.756757
0.758065
0.759501
0.760497
0.761905
0.763711
0.765353
0.766705
0.768836
0.769362
0.771574
0.7726
0.774247
0.775872
0.777228
0.778082
0.78013
0.781199
0.782375
0.783307
0.784689
0.785941
0.78673
0.787958
0.789172
0.790806
0.79252
0.793262
0.794103
0.795455
0.796891
0.798507
0.799107
0.800394
0.801762
0.802824
0.804253
0.804537
0.80622
0.806775
0.807784
0.809052
0.809948
0.811101
0.812847
0.813964
0.815321
0.81616
0.817403
0.818304
0.819519
0.820638
0.821271
0.821978
0.82299
0.82399
0.824978
0.825581
0.826255
0.826997
0.827952
0.828825
0.829545
0.830686
0.831391
0.83195
0.832298
0.833265
0.83388
0.834761
0.835299
0.835633
0.836825
0.837675
0.838838
0.839222
0.839858
0.840551
0.841176
0.841735
0.842412
0.843266
0.84447
0.844709
0.845714
0.846358
0.847112
0.84763
0.848428
0.848937
0.849554
0.85
0.850664
0.851103
0.851811
0.852781
0.853208
0.853949
0.854578
0.855202
0.856026
0.856789
0.857495
0.857994
0.858589
0.859179
0.859716
0.860297
0.860777
0.861349
