0.624796
0.611155
0.604775
0.591505
0.59387
0.59575
0.595608
0.595366
0.594301
0.59443
0.597099
0.598239
0.595921
0.598186
0.598639
0.59929
0.599338
0.599881
0.600944
0.603763
0.603767
0.603241
0.603313
0.601401
0.599135
0.596019
0.595719
0.592484
0.591824
0.590732
0.58845
0.586537
0.584147
0.582216
0.580973
0.580274
0.579399
0.579071
0.578826
0.577332
0.575925
0.575332
0.574043
0.573842
0.572019
0.569862
0.569344
0.568275
0.567705
0.566889
0.56561
0.564142
0.562941
0.561349
0.560872
0.560136
0.559716
0.559911
0.559594
0.558615
0.557723
0.556697
0.555982
0.555582
0.554601
0.553466
0.552624
0.552075
0.551302
0.550853
0.550344
0.55041
0.549714
0.549203
