0.197708
0.191375
0.189213
0.183145
0.177789
0.179465
0.177678
0.178189
0.174957
0.173586
0.183046
0.192725
0.20232
0.210785
0.21789
0.225867
0.232507
0.239561
0.244638
0.250323
0.254347
0.257497
0.261893
0.265293
0.26915
0.270485
0.27227
0.275734
0.279861
0.281608
0.281863
0.281732
0.282689
0.284232
0.28517
0.287099
0.286446
0.288947
0.288881
0.290308
0.290599
0.290819
0.292274
0.293338
0.294365
0.293917
0.293807
0.293536
0.29395
0.294356
0.293805
0.294393
0.294649
0.295296
0.295335
0.295305
0.295533
0.296129
0.296746
0.297147
0.297675
0.297819
0.297703
0.297144
0.297857
0.296852
0.29601
0.295956
0.296365
0.295764
0.293898
0.292809
0.292408
0.291389
