0.591398
0.578696
0.58534
0.579623
0.579494
0.581206
0.576255
0.573694
0.571093
0.571266
0.575249
0.575942
0.578482
0.581211
0.582442
0.581624
0.582134
0.583769
0.584637
0.585265
0.585429
0.585838
0.586144
0.585397
0.584808
0.583873
0.584233
0.583927
0.583594
0.583277
0.581259
0.580541
0.580207
0.579387
0.57847
0.576348
0.576318
0.576269
0.575675
0.575396
0.574488
0.573339
0.57219
0.571584
0.571276
0.570917
0.568806
0.568287
0.567528
0.567161
0.566826
0.565504
0.565413
0.565196
0.565176
0.564326
0.563189
0.562567
0.562393
0.561606
0.561072
0.560621
0.559466
0.558346
0.55831
0.558225
0.556892
0.556111
0.55558
0.555309
0.554024
0.552933
0.552869
0.552295
