0.318102
0.344173
0.36088
0.354419
0.354701
0.352818
0.353602
0.352889
0.353128
0.351882
0.349415
0.347625
0.342392
0.340385
0.340738
0.337919
0.337825
0.338056
0.337558
0.335761
0.334047
0.333006
0.331691
0.329936
0.327504
0.324567
0.323008
0.322276
0.321034
0.319469
0.318721
0.317948
0.316166
0.314593
0.31347
0.311766
0.311135
0.309303
0.309043
0.307399
0.305228
0.303906
0.302576
0.301364
0.29982
0.298276
0.297976
0.297189
0.296196
0.295486
0.294126
0.292858
0.292135
0.291046
0.29065
0.288729
0.287243
0.286211
0.285479
0.284458
0.282545
0.281311
0.279609
0.278566
