0.0655738
0.0590604
0.0579965
0.0590969
0.0612028
0.0621118
0.0671037
0.0675811
0.0716632
0.0705059
0.0862381
0.104012
0.118656
0.131863
0.143553
0.154026
0.165536
0.17472
0.184175
0.193857
0.201196
0.206501
0.212116
0.215847
0.219584
0.224901
0.229346
0.234914
0.236633
0.23965
0.242344
0.245864
0.247498
0.248792
0.250096
0.252468
0.254621
0.256502
0.257863
0.259118
0.25968
0.26041
0.260893
0.260809
0.262111
0.262835
0.263217
0.264892
0.265034
0.265988
0.26673
0.267497
0.269025
0.27072
0.271885
0.272616
0.273929
0.274755
0.275036
0.275448
0.275196
0.275806
0.276669
0.277647
0.277817
0.278587
0.278962
0.279827
0.279753
0.280407
0.281077
0.281494
0.282508
0.283953
