0.529968
0.528287
0.53276
0.522855
0.529638
0.524026
0.522578
0.524247
0.525217
0.526416
0.531226
0.53487
0.540175
0.543926
0.545691
0.550201
0.554409
0.557801
0.560715
0.5623
0.562974
0.563791
0.564972
0.565034
0.565101
0.565816
0.566007
0.56721
0.567983
0.568483
0.567958
0.568477
0.568282
0.567968
0.56747
0.566494
0.56632
0.566939
0.567019
0.566421
0.566872
0.566884
0.566727
0.566206
0.566829
0.567087
0.56705
0.566645
0.565776
0.565372
0.564502
0.563603
0.563281
0.563811
0.564219
0.563534
0.563458
0.563358
0.563822
0.563086
0.563254
0.562358
0.562491
0.562811
0.56292
0.562231
0.561863
0.562274
0.562301
0.562088
0.562282
0.562141
0.561652
0.561683
