0.389273
0.391833
0.391457
0.387054
0.383024
0.385646
0.381501
0.38125
0.380452
0.379477
0.378471
0.376081
0.371161
0.366206
0.360793
0.358874
0.356075
0.356958
0.35442
0.353541
0.350587
0.347999
0.344473
0.342501
0.341072
0.340162
0.338782
0.337746
0.33509
0.333852
0.332503
0.329627
0.328307
0.327413
0.32704
0.325239
0.324197
0.324047
0.323527
0.322936
0.321746
0.32045
0.32029
0.319676
0.319351
0.318763
0.31884
0.318792
0.317868
0.31727
0.316096
0.315521
0.315231
0.314088
0.313711
0.313203
0.312967
0.312694
0.312285
0.311873
0.311316
0.310477
0.310064
0.309668
