0.144022
0.12234
0.124234
0.127922
0.133192
0.130989
0.135973
0.133246
0.136655
0.137759
0.154673
0.165665
0.178035
0.186176
0.197592
0.206897
0.214906
0.224561
0.235028
0.243747
0.250088
0.256696
0.26206
0.267381
0.270416
0.276312
0.281255
0.285441
0.288636
0.293588
0.295536
0.297531
0.299709
0.303042
0.304523
0.30469
0.30645
0.308183
0.309846
0.312358
0.313793
0.315508
0.317003
0.317492
0.319118
0.319829
0.320834
0.321117
0.320123
0.321785
0.322979
0.321478
0.321659
0.322667
0.322688
0.322872
0.323396
0.323294
0.323556
0.323837
0.324621
0.324976
0.324571
0.323751
0.32322
0.323072
0.322658
0.323179
0.321978
0.322664
0.322312
0.322724
0.323357
0.324092
