0.550633
0.566506
0.560582
0.564634
0.56435
0.562685
0.561878
0.563791
0.5625
0.565358
0.569748
0.572872
0.577328
0.583219
0.587571
0.590592
0.592783
0.594582
0.59755
0.598471
0.599141
0.600146
0.599959
0.600966
0.601054
0.600691
0.602459
0.60345
0.603554
0.603472
0.603655
0.60247
0.601487
0.601965
0.602878
0.602168
0.601429
0.601744
0.602047
0.602778
0.60215
0.602058
0.60158
0.601078
0.600315
0.599938
0.59917
0.59845
0.598051
0.597111
0.596618
0.596097
0.595615
0.595333
0.594642
0.594849
0.594472
0.594096
0.593682
0.594156
0.594356
0.593656
0.59282
0.592536
0.592236
0.59229
0.592449
0.591599
0.590826
0.590545
0.589871
0.589368
0.588961
0.588751
