0.358071
0.359459
0.369631
0.379153
0.375822
0.375265
0.374548
0.373783
0.375303
0.376545
0.375145
0.378064
0.380042
0.379252
0.377705
0.378647
0.377889
0.373494
0.370367
0.369471
0.367585
0.364754
0.362108
0.360168
0.357844
0.355958
0.353212
0.352703
0.352974
0.351343
0.348414
0.345221
0.342432
0.340184
0.338653
0.33671
0.334742
0.333444
0.332073
0.331084
0.330206
0.328184
0.328762
0.328552
0.327295
0.326212
0.325484
0.324147
0.323484
0.322815
0.322181
0.321643
0.320163
0.319041
0.318682
0.3185
0.31817
0.317382
0.316694
0.315802
0.314715
0.313995
0.314233
0.314234
