0.00862069
0.00430416
0.00574163
0.0042343
0.00339175
0.0027907
0.00357569
0.00308748
0.00306466
0.00301122
0.0242947
0.0409445
0.0604819
0.0751043
0.0872106
0.104888
0.117364
0.12913
0.138965
0.148267
0.157885
0.166041
0.1755
0.1839
0.190053
0.199136
0.205124
0.212241
0.219726
0.225455
0.23066
0.235409
0.240049
0.245829
0.251306
0.257723
0.26209
0.267092
0.271535
0.275053
0.279631
0.282515
0.285635
0.289594
0.292952
0.296019
0.29758
0.299725
0.30251
0.307139
0.309632
0.312434
0.315022
0.316589
0.318439
0.321756
0.32365
0.324549
0.326622
0.329186
0.331959
0.334744
0.336417
0.3393
0.341483
0.342066
0.343898
0.345481
0.347523
0.348985
0.349985
0.350716
0.352316
0.35363
0.354183
0.356184
0.357291
0.358734
0.359592
