0.376997
0.399358
0.405751
0.4
0.399549
0.399676
0.399675
0.397423
0.396696
0.397312
0.407256
0.416366
0.422728
0.431931
0.439086
0.444444
0.451933
0.457512
0.463019
0.467304
0.471379
0.475267
0.478691
0.483108
0.488218
0.492513
0.49608
0.498066
0.500527
0.503939
0.506067
0.5085
0.510494
0.513638
0.515499
0.518138
0.520976
0.52314
0.523961
0.526301
0.527554
0.530006
0.531803
0.533402
0.535224
0.536787
0.538161
0.53985
0.541282
0.542804
0.544875
0.546696
0.548184
0.549256
0.550709
0.551527
0.553257
0.554214
0.555539
0.556422
0.55695
0.558302
0.558767
0.55996
0.561547
0.562456
0.563435
0.564424
0.565083
0.566219
0.566936
0.567691
0.568723
0.570388
0.570947
0.5712
0.572248
0.572939
0.572986
