0.338798
0.346225
0.350585
0.359649
0.371009
0.374504
0.374215
0.372141
0.37386
0.378033
0.374606
0.371298
0.371148
0.368996
0.368281
0.368133
0.366795
0.36718
0.367887
0.366849
0.366571
0.365428
0.364205
0.363099
0.362322
0.361933
0.362768
0.363642
0.362163
0.362031
0.360398
0.359149
0.359749
0.359786
0.359919
0.359279
0.359268
0.359453
0.360087
0.359564
0.35893
0.35941
0.359414
0.359838
0.35952
0.359045
0.359921
0.360673
0.360635
0.360309
0.360956
0.36092
0.360881
0.361092
0.361513
0.361123
0.360905
0.360991
0.360888
0.35993
0.359946
0.359174
0.359265
0.359181
0.358906
0.358649
0.358786
0.359059
0.359
