0.807692
0.910714
0.935065
0.946237
0.96
0.967105
0.971751
0.97449
0.969432
0.971545
0.972656
0.974359
0.975352
0.976027
0.976589
0.977564
0.978395
0.978659
0.979228
0.98017
0.980874
0.98153
0.982097
0.980198
0.980815
0.981043
0.981481
0.981777
0.977876
0.978587
0.977226
0.977505
0.978
0.976424
0.976699
0.977055
0.975836
0.976407
0.976827
0.977113
0.977509
0.977816
0.978188
0.978654
0.978998
0.979266
0.979495
0.980061
0.980422
0.980741
0.980994
0.981214
0.981508
0.981869
0.982289
0.98255
0.982804
0.983095
0.983418
0.983648
0.983851
0.984029
0.984223
0.984337
0.984487
0.984795
0.985023
0.985227
0.985377
0.985683
0.985761
0.985915
0.986141
0.986272
0.986486
0.986584
0.986775
0.986908
0.986974
