0.532154
0.520416
0.521534
0.517391
0.511273
0.504404
0.508197
0.506491
0.502217
0.502234
0.50612
0.509959
0.514981
0.517269
0.522049
0.525678
0.529398
0.53186
0.534598
0.536727
0.538829
0.540655
0.541399
0.541573
0.54378
0.54537
0.546382
0.546872
0.547883
0.548715
0.550172
0.550773
0.551994
0.552367
0.552209
0.553119
0.554995
0.55649
0.556889
0.558581
0.557568
0.557781
0.558011
0.558153
0.558565
0.558982
0.559378
0.559602
0.559778
0.559748
0.560411
0.559987
0.560158
0.560073
0.559615
0.55999
0.559449
0.559622
0.559924
0.560554
0.560088
0.560312
0.559778
0.559902
0.559548
0.559439
0.558934
0.558329
0.557765
0.557691
0.557945
0.557813
0.557015
0.557668
