0.0899471
0.0679095
0.064781
0.0571429
0.0534846
0.0510431
0.0494632
0.0491146
0.0493901
0.0492769
0.0628704
0.0785714
0.0918536
0.103511
0.113402
0.123074
0.133252
0.14227
0.149952
0.159364
0.166577
0.171818
0.177989
0.185424
0.191404
0.19743
0.200887
0.205182
0.210961
0.214498
0.218182
0.221363
0.225163
0.227716
0.22847
0.230664
0.234634
0.237333
0.241214
0.243593
0.246042
0.247631
0.250297
0.252467
0.253856
0.255587
0.256542
0.259545
0.260227
0.260986
0.262266
0.262718
0.263389
0.265504
0.265887
0.266247
0.267189
0.268611
0.269658
0.270957
0.272025
0.272472
0.27272
0.27309
0.27388
0.274294
0.274872
0.274411
0.275505
0.27592
0.276309
0.275801
0.276927
0.277448
