0.307033
0.318345
0.321256
0.322888
0.324789
0.325767
0.322351
0.323496
0.321326
0.325513
0.327128
0.329694
0.331844
0.33316
0.334706
0.336437
0.339582
0.341051
0.340344
0.339679
0.339244
0.339202
0.340016
0.338127
0.335358
0.335281
0.336659
0.337619
0.337931
0.338785
0.336719
0.33533
0.333809
0.332819
0.33099
0.329012
0.327796
0.327382
0.324998
0.322632
0.321364
0.319111
0.31757
0.316485
0.314931
0.314407
0.312911
0.312264
0.312059
0.311537
0.311372
0.311785
0.311041
0.309938
0.310189
0.309528
0.309698
0.309278
0.308774
0.308445
0.308627
0.308776
0.308805
0.309234
