0.11399
0.0982143
0.0968021
0.0972585
0.0940439
0.093913
0.0937267
0.0971129
0.0953359
0.0971156
0.112434
0.124848
0.135419
0.145295
0.156473
0.166005
0.175665
0.183913
0.191586
0.199523
0.208563
0.215899
0.220707
0.226249
0.230549
0.234043
0.238824
0.242083
0.246129
0.250177
0.252629
0.254658
0.254964
0.257206
0.258024
0.259669
0.263158
0.264579
0.265986
0.26761
0.267486
0.268069
0.267347
0.26651
0.266099
0.26668
0.266714
0.267233
0.266241
0.266158
0.265353
0.266128
0.266204
0.266126
0.267061
0.267509
0.267508
0.267347
0.267702
0.267339
0.266908
0.268047
0.2685
0.268204
0.267815
0.269124
0.267555
0.26826
0.268184
0.268377
0.268743
0.268846
0.269092
0.268887
