0.527687
0.502467
0.508953
0.51013
0.504537
0.501081
0.502545
0.501414
0.501163
0.498312
0.502921
0.506932
0.511476
0.514974
0.520241
0.524038
0.526817
0.532325
0.53427
0.5359
0.537942
0.541528
0.542935
0.544819
0.545376
0.5474
0.546813
0.547602
0.548566
0.548439
0.548885
0.547815
0.547561
0.545952
0.545503
0.545394
0.545362
0.544957
0.545284
0.545504
0.544638
0.54412
0.542125
0.541362
0.540677
0.540923
0.539318
0.538875
0.53792
0.537818
0.53726
0.537697
0.537734
0.537638
0.537548
0.537448
0.538243
0.538368
0.538431
0.537755
0.537072
0.537228
0.536926
0.537186
0.537242
0.537306
0.537071
0.537102
0.536575
0.536092
0.536063
0.536193
0.536924
0.536449
