0.358318
0.357078
0.364678
0.366197
0.369708
0.366193
0.363023
0.36201
0.363655
0.369853
0.366165
0.368118
0.368186
0.365063
0.361589
0.361099
0.358769
0.359155
0.356946
0.354664
0.352169
0.349573
0.347809
0.347175
0.344552
0.344682
0.343435
0.343107
0.341221
0.340159
0.337186
0.335283
0.332443
0.329519
0.325051
0.321587
0.319406
0.31736
0.313759
0.311842
0.310233
0.309053
0.308381
0.308401
0.308206
0.307391
0.30667
0.30638
0.305777
0.304306
0.303515
0.302904
0.30313
0.302539
0.301303
0.300151
0.299187
0.299381
0.299483
0.298903
0.297525
0.296705
0.29584
0.294448
