0.445687
0.430669
0.442834
0.45002
0.452124
0.446039
0.44358
0.446472
0.445637
0.446665
0.453928
0.461151
0.465483
0.473006
0.478605
0.483233
0.487931
0.494101
0.497587
0.501001
0.505333
0.507737
0.510073
0.51021
0.509547
0.509154
0.509691
0.509415
0.509841
0.509907
0.511236
0.512434
0.513297
0.513197
0.513489
0.513703
0.514611
0.515139
0.515724
0.516304
0.516691
0.516103
0.515219
0.515041
0.514655
0.513891
0.513894
0.512695
0.511403
0.511265
0.511442
0.510691
0.510927
0.510761
0.510901
0.511054
0.510792
0.511102
0.510998
0.511101
0.511774
0.512491
0.512616
0.512312
0.511914
0.51252
0.512205
0.512118
0.511929
0.512067
0.51197
0.511998
0.511893
0.512586
