0.0855615
0.0671835
0.0580475
0.0557421
0.0617551
0.0625559
0.0623337
0.062417
0.0586854
0.0571956
0.0756579
0.0936819
0.108265
0.123854
0.135972
0.148724
0.15761
0.16712
0.17577
0.183849
0.189858
0.198823
0.204137
0.207987
0.210493
0.212743
0.214817
0.218926
0.221837
0.223228
0.223573
0.225139
0.226751
0.226493
0.228496
0.230464
0.231629
0.232077
0.233252
0.234345
0.234475
0.235223
0.23483
0.235688
0.237186
0.237948
0.238845
0.239702
0.239961
0.240979
0.241197
0.241071
0.240168
0.240263
0.240174
0.23965
0.239579
0.240575
0.240127
0.240106
0.24057
0.241809
0.242086
0.242578
0.241491
0.240965
0.241475
0.242044
0.2423
0.242402
0.243015
0.243293
0.243268
0.243627
