0.395431
0.371403
0.38018
0.379094
0.377338
0.378897
0.38094
0.378221
0.378022
0.375834
0.372356
0.37224
0.370657
0.365308
0.361511
0.356406
0.350818
0.350741
0.348594
0.345686
0.341336
0.335616
0.334113
0.331463
0.328928
0.327378
0.325287
0.324049
0.324346
0.323689
0.320691
0.31866
0.315121
0.313362
0.311158
0.309308
0.308064
0.306337
0.305194
0.303963
0.302002
0.300472
0.298925
0.297823
0.296797
0.29644
0.294739
0.294275
0.29439
0.293139
0.292428
0.292613
0.292101
0.291971
0.290304
0.289956
0.289159
0.288615
0.288673
0.287394
0.287069
0.286861
0.286876
0.287098
