0.0594595
0.0672948
0.0666075
0.0619587
0.0602988
0.0615454
0.0596383
0.0613559
0.0621572
0.059501
0.0791689
0.095442
0.107195
0.124215
0.137792
0.149718
0.159191
0.171958
0.184019
0.192601
0.200037
0.205935
0.211241
0.21482
0.220459
0.224911
0.227444
0.230427
0.233368
0.23657
0.235569
0.236624
0.238596
0.239953
0.240936
0.242512
0.2433
0.244442
0.245616
0.245494
0.247142
0.249186
0.250248
0.251489
0.252178
0.252953
0.253363
0.25507
0.25548
0.255678
0.255584
0.256018
0.256277
0.256229
0.256477
0.256456
0.25705
0.257936
0.258852
0.258829
0.259057
0.259099
0.2598
0.260582
0.260928
0.261512
0.261179
0.261984
0.261347
0.261566
0.261896
0.262393
0.26333
0.264089
