0.501587
0.48926
0.489328
0.484994
0.492322
0.49576
0.493297
0.489505
0.490731
0.48969
0.495634
0.503907
0.509826
0.51503
0.520026
0.522075
0.526981
0.530853
0.534194
0.537135
0.538231
0.537492
0.535664
0.536193
0.536391
0.536658
0.537274
0.537088
0.536436
0.536879
0.535329
0.535079
0.534869
0.534943
0.535866
0.535425
0.535384
0.535169
0.534871
0.534138
0.533969
0.533193
0.532268
0.532059
0.532085
0.532058
0.532118
0.532589
0.533353
0.533479
0.533235
0.533486
0.533169
0.533582
0.533337
0.533351
0.533237
0.533245
0.532858
0.532417
0.533242
0.53323
0.533346
0.533374
0.532952
0.532201
0.531281
0.531675
0.53213
0.531887
0.531947
0.532049
0.532326
0.532774
