0.397482
0.381591
0.376388
0.375278
0.380171
0.381657
0.381869
0.384223
0.380775
0.379731
0.377653
0.372134
0.366111
0.36334
0.362073
0.356789
0.354597
0.35062
0.348588
0.348154
0.34259
0.339252
0.337618
0.333755
0.3325
0.331184
0.328692
0.326754
0.324923
0.323916
0.323462
0.322223
0.320104
0.318552
0.317081
0.316318
0.315039
0.315034
0.313438
0.312237
0.310545
0.30841
0.307657
0.305855
0.303997
0.302664
0.301529
0.300873
0.299653
0.298329
0.297658
0.297033
0.296623
0.296074
0.295046
0.294082
0.293488
0.294004
0.293845
0.293524
0.293572
0.293392
0.293547
0.293679
