0.308197
0.29654
0.295577
0.293544
0.294061
0.289002
0.289275
0.290323
0.289834
0.286082
0.291776
0.299602
0.305842
0.312007
0.318295
0.323418
0.327895
0.334277
0.33772
0.341572
0.347316
0.353113
0.356751
0.359692
0.363444
0.366358
0.371137
0.373986
0.375479
0.378898
0.381877
0.385863
0.389348
0.391247
0.393988
0.396855
0.399912
0.403556
0.406541
0.408525
0.41073
0.414272
0.417468
0.419895
0.422651
0.425268
0.427085
0.429346
0.431117
0.432849
0.435064
0.436914
0.438494
0.441329
0.443189
0.444573
0.445673
0.447455
0.44929
0.451203
0.45309
0.455595
0.457007
0.458192
0.459561
0.461037
0.462628
0.464414
0.465946
0.467437
0.468215
0.47011
0.471125
0.47265
0.474044
0.474838
0.477056
0.478204
0.479065
