0.0190217
0.00948509
0.00649351
0.00484765
0.00390625
0.00329412
0.00284206
0.002477
0.00251651
0.0025288
0.00993289
0.0185328
0.0277502
0.0351627
0.0407416
0.0459567
0.0542387
0.0605187
0.0658884
0.0708405
0.0775926
0.0830642
0.0884555
0.0939881
0.0981262
0.104217
0.109531
0.115326
0.118805
0.122926
0.127645
0.13139
0.137532
0.141032
0.144128
0.146677
0.149555
0.152495
0.155099
0.157619
0.162549
0.165393
0.167974
0.170018
0.17343
0.177358
0.180835
0.184136
0.185808
0.187696
0.18993
0.192874
0.196243
0.199135
0.200798
0.203639
0.20604
0.207542
0.210049
0.211556
0.214838
0.217973
0.220384
0.221787
0.223974
0.225847
0.227074
0.228502
0.230192
0.232705
0.233746
0.235188
0.236983
0.23852
0.239693
0.240946
0.242362
0.243488
0.244808
