0.283054
0.300184
0.306991
0.31591
0.317678
0.316355
0.316024
0.315765
0.315038
0.316777
0.320509
0.322497
0.321393
0.327602
0.328378
0.330306
0.33218
0.335206
0.335654
0.337296
0.338522
0.339758
0.342654
0.340089
0.340157
0.34037
0.339995
0.339242
0.339351
0.340944
0.341725
0.342028
0.342749
0.344001
0.344697
0.345581
0.346051
0.347908
0.347759
0.34667
0.346107
0.345904
0.346082
0.345948
0.345424
0.346169
0.346001
0.346348
0.346542
0.345848
0.34615
0.346731
0.347402
0.347441
0.347548
0.348257
0.348457
0.34903
0.34905
0.349462
0.34949
0.349272
0.349183
0.349077
0.349116
0.349009
0.348948
0.34874
0.348964
