0.623397
0.6
0.601998
0.600877
0.599616
0.600161
0.599862
0.597332
0.597023
0.597294
0.595492
0.597633
0.599034
0.598611
0.599236
0.599212
0.598015
0.598175
0.599334
0.601357
0.602009
0.602933
0.602666
0.604154
0.604683
0.605681
0.604978
0.605355
0.605397
0.605187
0.606463
0.60635
0.605633
0.606552
0.606783
0.606285
0.607036
0.607273
0.607456
0.608205
0.607821
0.608056
0.608088
0.608446
0.608057
0.608655
0.608978
0.609417
0.608721
0.60858
0.607925
0.607271
0.606571
0.605833
0.60423
0.604015
0.604015
0.603341
0.602779
0.602491
0.601101
0.600233
0.599158
0.59899
0.597988
0.596648
0.59617
0.595775
0.594944
0.593709
0.592621
0.592154
0.590913
0.590181
