0.0797872
0.0845638
0.0837887
0.0878016
0.0878594
0.0873786
0.0882132
0.0887651
0.0879089
0.0886076
0.102785
0.117305
0.133302
0.14353
0.155373
0.167499
0.176165
0.185844
0.192135
0.200908
0.210285
0.215952
0.22263
0.228173
0.236212
0.240533
0.245289
0.250219
0.25587
0.258659
0.261041
0.265929
0.269145
0.27203
0.274768
0.279055
0.281261
0.284822
0.288235
0.289778
0.292265
0.294786
0.29692
0.299642
0.302018
0.30441
0.305998
0.308921
0.311141
0.311778
0.312712
0.313524
0.3136
0.313782
0.313826
0.314121
0.315281
0.316497
0.316518
0.317497
0.315337
0.314251
0.311316
0.310494
0.309204
0.307551
0.305926
0.303661
0.303923
0.302208
0.300578
0.299251
0.297208
0.295847
