0.321117
0.342908
0.354279
0.368349
0.367891
0.367249
0.367735
0.369248
0.363857
0.367139
0.360383
0.360151
0.357551
0.354814
0.351903
0.348519
0.345958
0.346728
0.34795
0.344478
0.344028
0.344929
0.343489
0.343612
0.342256
0.341303
0.342056
0.342554
0.343694
0.343765
0.342631
0.341724
0.340984
0.338267
0.337492
0.336673
0.33788
0.337378
0.337777
0.337272
0.335261
0.333761
0.332804
0.331062
0.329078
0.327395
0.32526
0.324017
0.322611
0.321948
0.31788
0.314559
0.311332
0.308316
0.306021
0.303548
0.30096
0.297935
0.296204
0.293821
0.292958
0.293055
0.291724
0.290716
