0.547812
0.522095
0.521526
0.529146
0.529024
0.538419
0.537954
0.536324
0.535596
0.535332
0.534469
0.538334
0.541467
0.542714
0.544552
0.546077
0.547512
0.550162
0.551327
0.551623
0.55137
0.552053
0.553167
0.553778
0.555338
0.555566
0.55605
0.555907
0.55641
0.556794
0.556343
0.555519
0.555502
0.555986
0.554636
0.554604
0.553923
0.553238
0.552776
0.552434
0.551051
0.549993
0.549348
0.548066
0.548111
0.547967
0.548381
0.547808
0.548295
0.547995
0.546664
0.54593
0.545052
0.54378
0.543701
0.542914
0.542364
0.542606
0.542907
0.542417
0.541748
0.541802
0.541307
0.541079
0.540796
0.541221
0.541208
0.541196
0.541283
0.540772
0.540708
0.540532
0.540151
0.539326
0.538591
0.538318
0.537526
0.536484
0.536077
0.536286
0.534989
0.534545
0.533806
0.533524
0.533253
0.532818
0.532201
0.531713
0.53123
0.530577
0.53001
0.529503
0.528757
0.528829
0.527879
0.527732
0.527685
0.527431
0.52711
0.526749
0.526011
0.525844
0.525285
0.524653
0.524628
0.523923
0.523683
0.523471
0.522898
0.522653
0.521986
0.521697
0.521626
0.521719
0.52138
0.520791
0.520056
0.519852
0.520138
0.51988
0.519763
0.519043
0.518635
0.518465
0.518151
0.517677
0.516942
0.516961
0.516792
0.516717
0.516718
0.515856
0.515653
0.515038
0.514887
0.515052
0.51487
0.514638
0.514017
0.51384
0.513346
0.513265
0.513411
0.513129
0.512797
0.512571
0.512585
0.512236
0.512128
