0.103352
0.0895317
0.0905764
0.0861244
0.0833785
0.0842342
0.0847851
0.0829368
0.0796274
0.0770901
0.0881206
0.101222
0.116683
0.127694
0.136977
0.147919
0.155638
0.162842
0.169822
0.173807
0.17874
0.183829
0.186845
0.192224
0.196126
0.199873
0.203921
0.206891
0.210016
0.213261
0.215928
0.218389
0.21985
0.222572
0.223507
0.225742
0.22796
0.22934
0.229885
0.231753
0.229918
0.22909
0.229992
0.231756
0.23368
0.232895
0.233982
0.234205
0.233967
0.235804
0.234668
0.23466
0.233674
0.233391
0.234323
0.234849
0.234252
0.23419
0.233961
0.234493
0.233938
0.234823
0.233167
0.233317
0.233671
0.233364
0.233698
0.233708
0.233565
0.2328
0.232853
0.231854
0.230507
0.230791
0.230187
0.229569
0.229399
0.228668
0.228293
0.22815
0.227533
0.225634
0.224395
0.223741
0.223698
0.223265
0.222664
0.222303
0.221796
0.221477
0.219438
0.218572
0.218561
0.217698
0.217166
0.216949
0.216313
0.215645
0.214892
0.214097
0.213961
0.213778
0.213633
0.213076
0.212568
0.211233
0.210807
0.210439
0.210305
0.209837
0.209334
0.208195
0.207192
0.206955
0.206941
0.206737
0.206208
0.205459
0.204624
0.204634
0.204281
0.203301
0.202442
0.202318
0.201831
0.201635
0.20151
0.201395
0.201101
0.200973
0.201272
0.201128
0.201003
0.200881
0.200322
0.200255
0.199502
0.198728
0.198736
0.199136
0.198547
0.19813
0.19768
0.197529
0.197474
0.197082
0.196319
0.196283
0.196435
