0.292335
0.32287
0.335583
0.333943
0.338822
0.344448
0.343626
0.343865
0.346555
0.345113
0.338289
0.331654
0.327945
0.325469
0.322588
0.319995
0.31911
0.317184
0.315996
0.314164
0.311873
0.308833
0.306764
0.305577
0.302771
0.30143
0.300195
0.300259
0.297353
0.295699
0.290307
0.288393
0.287333
0.285279
0.283579
0.280143
0.280132
0.278623
0.278057
0.276587
0.273572
0.271745
0.269845
0.268766
0.268534
0.267853
0.265962
0.265029
0.264178
0.263475
0.262475
0.262216
0.260759
0.260532
0.259303
0.258895
0.258141
0.257707
0.256093
0.254677
0.253604
0.252397
0.251231
0.250949
0.250153
0.249073
0.247916
0.246907
0.246526
0.2464
0.245307
0.243115
0.241366
0.240025
0.239126
0.23784
0.236699
0.235644
0.234626
0.233202
0.231718
0.231902
0.232329
0.232359
0.232384
0.232313
0.232383
0.232501
0.232569
0.232425
0.232418
0.23244
0.232368
0.232126
0.232066
0.231767
0.231966
0.232304
0.232274
0.232692
0.232827
0.231565
0.231117
0.231196
0.231542
0.23155
0.231593
0.231167
0.230999
0.231422
0.231212
0.23046
0.229866
0.229835
0.229624
0.229696
0.229742
0.229673
0.22942
0.229297
0.22964
0.229845
0.229951
0.229997
0.229642
0.229816
0.229431
0.229089
0.229199
0.229322
0.229065
0.22871
0.228495
0.2284
0.228351
0.228358
0.228004
0.228169
0.228031
