0.92
0.923077
0.930556
0.950495
0.958678
0.95302
0.96
0.964824
0.963964
0.967347
0.968379
0.969349
0.971119
0.972222
0.969595
0.970874
0.971875
0.972727
0.973607
0.974286
0.975069
0.975871
0.976684
0.977273
0.977887
0.978208
0.978774
0.979215
0.979592
0.979911
0.980645
0.981053
0.981707
0.98
0.980276
0.980545
0.979127
0.979592
0.98
0.978836
0.979167
0.979798
0.9801
0.980519
0.980769
0.980983
0.98125
0.981735
0.982036
0.982301
0.982634
0.982833
0.983075
0.983287
0.983539
0.983784
0.984064
0.984314
0.984655
0.984906
0.98513
0.985507
0.985663
0.985816
0.985915
0.986095
0.986317
0.986547
0.986667
0.986784
0.987027
0.987152
0.987395
0.987552
0.987667
0.98778
0.987915
0.988107
0.988224
0.98835
0.988439
0.988561
0.988764
0.988889
0.98896
0.989041
0.989179
0.989276
0.989352
0.989464
0.989556
0.989628
0.989752
0.989831
0.989975
0.990083
0.990172
0.990283
0.990385
0.990476
0.990536
0.99064
0.990661
0.990726
0.990762
0.990826
0.99093
0.991051
0.991118
0.991215
0.991273
0.991354
0.991447
0.991489
0.991537
0.991603
0.991632
0.991678
0.991758
0.991809
0.991925
0.992027
0.992095
0.992131
0.992177
0.992238
0.992303
0.992347
0.992419
0.992453
0.992509
0.992565
0.992602
0.992665
0.992718
0.992771
0.99281
0.99284
0.992904
0.992958
0.993003
0.993039
0.99306
0.993092
0.993155
0.99319
0.993209
0.993274
0.993322
