0.525806
0.516076
0.513881
0.508614
0.515758
0.515152
0.514319
0.512385
0.516434
0.515903
0.520332
0.522046
0.526565
0.530796
0.534301
0.537354
0.539167
0.543387
0.543995
0.545637
0.546833
0.545655
0.54552
0.546937
0.547206
0.547799
0.548509
0.5489
0.549304
0.550094
0.549654
0.548908
0.546563
0.547035
0.546162
0.546012
0.547441
0.547232
0.548066
0.547324
0.547134
0.545873
0.545466
0.544487
0.543886
0.54328
0.540123
0.539282
0.539037
0.538547
0.537618
0.537108
0.536798
0.535327
0.533835
0.53301
0.532728
0.531929
0.530991
0.530462
0.529034
0.528391
0.527436
0.527511
0.52635
0.526684
0.525947
0.52624
0.525271
0.524947
0.524344
0.523979
0.522675
0.522128
0.521296
0.520748
0.520285
0.519734
0.518891
0.518202
0.517429
0.517067
0.51641
0.516071
0.515533
0.514892
0.514056
0.513921
0.513719
0.513213
0.513305
0.512421
0.511724
0.51132
0.510537
0.509568
0.509041
0.509141
0.508959
0.508672
0.508033
0.507724
0.507716
0.506749
0.505981
0.505688
0.504559
0.503932
0.503153
0.502579
0.501942
0.501708
0.501651
0.501136
0.500357
0.499646
0.499536
0.499038
0.498559
0.497993
0.497695
0.497604
0.497757
0.497308
0.49697
0.496716
0.4964
0.49552
0.494999
0.494677
0.495004
0.494676
0.494505
0.494411
0.494448
0.494043
0.493714
0.493415
0.49298
0.492356
0.492167
0.492089
0.49172
0.491337
0.490713
0.490482
0.489961
0.489826
0.489336
0.48904
0.489008
0.488546
0.487916
0.487858
0.487801
0.487726
0.487599
0.487417
0.487235
0.487121
0.486947
0.486807
0.487001
0.486861
0.486513
0.486584
0.486425
0.486231
0.485847
0.485812
0.485569
0.485455
0.485703
0.485484
0.485227
0.485274
0.485293
0.485203
0.485139
0.48499
0.484587
0.484314
0.484172
0.484191
0.484026
0.483778
0.483846
0.483632
0.483467
0.483264
0.483192
0.483011
0.483093
0.482742
0.48254
0.482449
0.482264
0.482461
0.482318
0.482178
0.481978
0.48189
0.481813
0.481991
0.481909
0.48183
0.481746
0.481654
0.481498
0.481213
0.481153
0.481212
0.480998
0.481112
0.481149
0.481135
0.48112
0.480947
0.480781
0.480508
0.480508
0.480407
0.480371
0.480253
0.480062
0.479951
0.479951
0.480069
0.480052
0.479981
0.479616
0.479509
0.479436
0.479256
0.47909
0.478904
0.478776
0.47873
0.478797
0.478702
0.478643
0.478731
0.478625
0.478426
0.478305
0.478023
0.47782
0.477573
0.477537
