0.0718232
0.0564516
0.0500911
0.0529172
0.0553746
0.0569251
0.0544535
0.0537303
0.0515244
0.0515293
0.0667543
0.0771965
0.0888727
0.102815
0.114714
0.124162
0.134406
0.146006
0.152612
0.160121
0.16969
0.177287
0.182621
0.186891
0.192371
0.197156
0.201126
0.206702
0.212548
0.218592
0.221264
0.223006
0.219446
0.220841
0.221014
0.222011
0.224705
0.223369
0.227446
0.229118
0.230681
0.230951
0.230744
0.230172
0.230451
0.232316
0.232644
0.233488
0.234085
0.235706
0.234006
0.233421
0.234745
0.233886
0.233286
0.232977
0.231673
0.231285
0.231089
0.229824
0.226871
0.224829
0.22554
0.226062
0.225287
0.22494
0.225177
0.225554
0.223189
0.22344
0.223945
0.223452
0.222341
0.221208
0.220478
0.219321
0.218733
0.217502
0.217709
0.217901
0.218479
0.218333
0.218238
0.217908
0.218302
0.217762
0.217822
0.218058
0.218051
0.218462
0.218539
0.218171
0.217888
0.21719
0.21617
0.215493
0.214262
0.214089
0.213014
0.212705
0.212419
0.212245
0.211783
0.211778
0.211142
0.211223
0.210743
0.211082
0.210455
0.211059
0.211342
0.210495
0.209845
0.209666
0.208739
0.208391
0.207813
0.207121
0.20577
0.204633
0.203573
0.203049
0.201996
0.201777
0.201324
0.20078
0.200662
0.199542
0.198877
0.198698
0.199045
0.198599
0.198308
0.198162
0.198273
0.198015
0.197152
0.197268
0.196849
0.196248
0.196374
0.196845
0.196062
0.196041
0.195871
0.196136
0.195665
0.195707
0.195609
0.195484
0.19559
0.195126
0.194939
0.194987
0.194951
0.19524
0.194769
0.194366
0.194387
0.194712
0.194763
0.195174
0.195224
0.194961
0.194995
0.19514
0.194858
0.194831
0.194384
0.194036
0.193723
0.193302
0.193599
0.19329
0.192885
0.193058
0.193144
0.193209
0.193181
0.192793
0.192468
0.19241
0.192287
0.192536
0.192597
0.192607
0.192659
0.19189
0.191643
0.190855
0.190805
0.190062
0.190353
0.189831
0.189601
0.190092
0.190197
0.190519
0.190966
0.190521
0.189856
0.189694
0.189485
0.189713
0.189955
0.189961
0.19012
0.189996
0.189906
0.189779
0.18967
0.189143
0.189183
0.189091
0.189067
0.189133
0.188522
0.188332
0.188072
0.187708
0.18773
0.187532
0.187126
0.187356
0.187543
0.187662
0.187295
0.187266
0.187149
0.187095
0.186711
0.186426
0.185912
0.185844
0.185754
0.185467
0.185301
0.185177
0.185267
0.185053
0.18511
0.185252
0.185198
0.185095
0.184759
0.184154
0.183624
0.18338
0.183204
