0.354662
0.360816
0.350845
0.346874
0.345207
0.345079
0.339253
0.331809
0.328422
0.325955
0.322787
0.323443
0.321916
0.32125
0.321415
0.319142
0.32081
0.319711
0.320653
0.320191
0.316756
0.311849
0.303105
0.299717
0.29562
0.29211
0.289224
0.285181
0.284425
0.283682
0.281342
0.277428
0.27528
0.271327
0.268433
0.266555
0.265363
0.264399
0.264787
0.263678
0.260479
0.259175
0.25834
0.256472
0.254964
0.252787
0.251024
0.249599
0.248232
0.246195
0.242479
0.240018
0.239748
0.240299
0.240284
0.240426
0.24018
0.24031
0.237267
0.237
0.236276
0.235119
0.234135
0.232416
0.23093
0.229143
0.228181
0.226389
0.225533
0.224821
0.224852
0.224213
0.223832
0.223702
0.2234
0.223219
0.223383
0.223126
0.222675
0.222809
0.223025
0.223298
0.223945
0.224055
0.223589
0.222992
0.221613
0.221436
0.220466
0.220892
0.22026
0.220136
0.21974
0.21945
0.218962
0.218659
0.217831
0.217329
0.216599
0.216302
0.215733
0.215664
0.214682
0.214227
0.213356
0.213239
0.212847
0.212883
0.211441
0.210295
0.209835
0.209622
0.208851
0.208746
0.208421
0.208115
0.207687
0.206618
0.205948
0.205397
0.205548
0.205923
0.206421
0.206536
0.206893
0.207116
0.207135
0.207483
0.207731
0.207551
0.207809
0.207802
0.20754
0.207299
0.207243
0.207209
0.206906
0.206964
0.207135
0.207399
0.207252
0.207257
0.207306
0.207401
0.207435
0.20743
0.20723
0.20693
0.206957
0.207043
0.20714
0.20737
0.207576
0.207415
0.207204
0.207491
0.207255
0.20711
0.206961
0.206736
0.206672
0.206345
0.206551
0.206194
0.205991
0.20615
0.20631
0.206664
0.206534
0.206127
0.205845
0.205804
0.205849
0.205923
0.206008
0.205961
0.205968
0.205735
0.205646
0.204975
0.205102
0.204512
0.204853
0.204613
0.204437
0.204599
0.204643
0.204753
0.204726
0.204423
0.203856
0.203885
0.203805
0.203924
0.203936
0.20389
0.204081
0.204048
0.203816
0.203705
0.203456
0.203194
0.203119
0.203029
0.202946
0.202993
0.202545
0.202383
0.201975
0.20149
0.201504
0.201545
0.201287
0.20156
0.2017
0.201851
0.201783
0.20192
0.202056
0.202078
0.201822
0.201597
0.201624
0.20169
0.201597
0.201622
0.201618
0.201457
0.201593
0.201468
0.201713
0.201734
0.201949
0.201914
0.201764
0.201334
0.201011
0.200929
0.200893
