0
0
0
0
0
0
0
0
0
0
0
0
0
0
0
0
0
0
0
0
0
0
0
0
0
0
0
0
0
0
0
0
0
0
0
0
0
0
0
0
0.0178862
0.0258065
0.0577223
0.0778626
0.0985075
0.11437
0.124638
0.137143
0.148096
0.162275
0.172603
0.177112
0.192513
0.209424
0.224647
0.235443
0.245943
0.252475
0.259804
0.27491
0.283511
0.293567
0.304147
0.315968
0.32287
0.332597
0.339891
0.349839
0.35539
0.365546
0.370833
0.37732
0.382413
0.388664
0.398406
0.404926
0.413592
0.420901
0.426945
0.434986
0.441258
0.446379
0.454381
0.458781
0.462633
0.467372
0.472949
0.477509
0.483761
0.491582
0.493289
0.497922
0.502471
0.506132
0.50974
0.514469
0.521395
0.525157
0.527387
0.529228
0.53142
0.537519
0.540684
0.543807
0.547566
0.551263
0.552593
0.556209
0.559446
0.562001
0.565468
0.568571
0.571935
0.574348
0.577622
0.580556
0.583735
0.586018
0.589395
0.592167
0.595987
0.598671
0.60132
0.603675
0.606771
0.608808
0.611075
0.613564
0.617237
0.619647
0.622971
0.626469
0.628536
0.630807
0.632603
0.634383
0.635706
0.637455
0.638972
0.641117
0.644497
0.645332
0.646577
0.648224
0.650261
0.65367
0.656036
0.657984
0.65991
0.662003
0.664258
0.667584
0.669403
0.670845
0.672096
0.674569
0.676313
0.678381
0.679745
0.68093
0.68244
0.684595
0.686559
0.687855
0.6893
0.691364
0.694022
0.696482
0.697698
0.698603
0.700694
0.70334
0.704356
0.70594
0.707081
0.708635
0.711419
0.712791
0.714421
0.716165
0.717625
0.719591
0.721531
0.722809
0.724453
0.725953
0.727067
0.728417
0.729512
0.730598
0.732032
0.733686
0.734855
0.736475
0.737961
0.73898
0.740103
0.740773
0.74166
0.743415
0.745148
0.746325
0.747703
0.749482
0.75031
0.750928
0.751645
0.753167
0.754372
0.755565
0.756942
0.758013
0.759171
0.760413
0.760981
0.762205
0.763601
0.764798
0.765891
0.767334
0.768316
0.769466
0.770342
0.771385
0.772161
0.773358
0.774374
0.775465
0.776213
0.777039
0.777532
0.777941
0.778511
0.779482
0.780523
0.781476
0.781792
0.782577
0.783513
0.78467
0.785435
0.786346
0.787099
0.788293
0.789106
0.790132
0.790714
0.79158
0.79244
