0.174935
0.16622
0.151461
0.158448
0.159212
0.156167
0.154766
0.154444
0.154543
0.155653
0.170241
0.182161
0.190568
0.203067
0.213855
0.224472
0.231381
0.236858
0.243615
0.24895
0.25393
0.258633
0.262367
0.267186
0.267062
0.268695
0.271382
0.271429
0.272147
0.271373
0.270919
0.27329
0.273985
0.273838
0.273626
0.274478
0.273354
0.273626
0.273694
0.274078
0.275048
0.275743
0.276059
0.276003
0.27672
0.275708
0.2766
0.277498
0.276665
0.27678
0.277426
0.274171
0.271856
0.271928
0.272686
0.27259
0.273881
0.275417
0.276119
0.276872
0.276478
0.276708
0.275271
0.274474
0.273962
0.273765
0.273232
0.272891
0.2721
0.272914
0.272925
0.271942
0.271784
0.271224
