0.585089
0.580542
0.584714
0.581283
0.576553
0.575814
0.575641
0.572109
0.574292
0.573683
0.575629
0.577716
0.580268
0.580403
0.582513
0.583918
0.584853
0.587124
0.587585
0.58699
0.587453
0.58668
0.586079
0.588097
0.587489
0.585945
0.584773
0.583569
0.583168
0.581137
0.578978
0.577298
0.576035
0.573836
0.572722
0.570901
0.568667
0.566894
0.564842
0.563333
0.563507
0.561626
0.560526
0.559166
0.557778
0.556969
0.55655
0.556594
0.555341
0.554787
0.554036
0.551649
0.549048
0.546904
0.545751
0.544909
0.544431
0.544096
0.54297
0.542156
0.541133
0.54045
0.539368
0.538375
0.537488
0.536246
0.535201
0.534869
0.53412
0.533173
0.532387
0.532026
0.531999
0.531046
