0.32872
0.358275
0.359976
0.35797
0.354724
0.356254
0.360822
0.36008
0.356238
0.356004
0.35488
0.350407
0.343575
0.343468
0.338937
0.33259
0.329343
0.326229
0.3253
0.322155
0.31834
0.315828
0.312748
0.310955
0.308959
0.307486
0.305338
0.303546
0.302472
0.300603
0.300098
0.298547
0.297267
0.297185
0.297611
0.297664
0.29728
0.297019
0.296025
0.295255
0.294212
0.291003
0.287352
0.285395
0.284677
0.284411
0.284161
0.284048
0.283272
0.282546
0.281223
0.279618
0.278028
0.276498
0.27571
0.274431
0.273065
0.271743
0.270357
0.269495
0.270511
0.270387
0.270859
0.27114
