0.593496
0.574797
0.575741
0.566518
0.556306
0.554545
0.549141
0.546143
0.542776
0.544129
0.543272
0.545561
0.546723
0.54809
0.54913
0.548334
0.549836
0.549829
0.549641
0.550689
0.55221
0.553022
0.555981
0.556067
0.55494
0.554318
0.553768
0.55534
0.555594
0.555687
0.555565
0.555439
0.554601
0.55361
0.552886
0.551915
0.552517
0.551685
0.551568
0.551418
0.551268
0.550316
0.549522
0.549225
0.548478
0.548439
0.548794
0.548772
0.54847
0.54817
0.547989
0.54805
0.548198
0.548562
0.548439
0.5485
0.54817
0.54783
0.547401
0.547917
0.547234
0.54706
0.546478
0.546184
0.54609
0.545746
0.545722
0.545722
0.545651
0.545237
0.545478
0.545184
0.545134
0.545455
