0.0883117
0.0883117
0.0838428
0.0831696
0.0872093
0.0849558
0.0819734
0.0851492
0.0834819
0.0843758
0.0962717
0.10682
0.114192
0.120498
0.128322
0.137663
0.145447
0.153378
0.160826
0.165931
0.172068
0.176134
0.178788
0.18164
0.184227
0.184968
0.188196
0.189979
0.193724
0.196164
0.19915
0.199946
0.201022
0.203791
0.206793
0.209231
0.209489
0.210539
0.211802
0.212403
0.213051
0.214842
0.216518
0.216842
0.21808
0.218966
0.219806
0.220668
0.221167
0.222212
0.222494
0.222593
0.224077
0.225641
0.226907
0.227637
0.228179
0.228625
0.229813
0.230086
0.230744
0.231182
0.231707
0.231832
0.231997
0.23293
0.232995
0.233685
0.233399
0.23373
0.234248
0.234844
0.235533
0.23584
