0.262868
0.260388
0.265009
0.265547
0.262739
0.27607
0.282137
0.288047
0.290218
0.290053
0.295751
0.298678
0.299523
0.296692
0.295513
0.293131
0.292402
0.291223
0.291354
0.290135
0.287951
0.285113
0.282796
0.282561
0.28074
0.281621
0.279871
0.279788
0.279275
0.279089
0.277184
0.275788
0.273886
0.272499
0.271809
0.271424
0.270557
0.270731
0.269552
0.269111
0.270002
0.269577
0.269993
0.269641
0.270254
0.270679
0.270221
0.270222
0.271554
0.271451
0.270765
0.270519
0.269586
0.268445
0.267854
0.267367
0.267108
0.266221
0.265299
0.264912
0.264534
0.263789
0.263882
0.263894
