0.102564
0.0685315
0.0579044
0.0497614
0.0496183
0.0484018
0.045614
0.0455012
0.0424315
0.0420259
0.0541311
0.0676412
0.0800381
0.0915107
0.100919
0.107256
0.114005
0.119133
0.123892
0.127966
0.130127
0.134002
0.13564
0.137925
0.140633
0.144413
0.148342
0.15109
0.153318
0.154922
0.157594
0.158719
0.161016
0.163478
0.166327
0.169146
0.173567
0.176725
0.178361
0.179318
0.182251
0.183905
0.185782
0.188145
0.189424
0.189897
0.190549
0.192714
0.194483
0.195269
0.197106
0.199226
0.201263
0.202693
0.20403
0.205702
0.208381
0.209834
0.211406
0.211986
0.212926
0.213883
0.215258
0.216401
0.216498
0.21758
0.218161
0.220488
0.221172
0.222304
0.223295
0.22428
0.225644
0.225791
