0.456086
0.478599
0.471234
0.478089
0.480733
0.477165
0.475986
0.471538
0.471552
0.474555
0.478618
0.481687
0.48229
0.482861
0.484324
0.487578
0.490051
0.491965
0.492731
0.493436
0.492488
0.491288
0.492014
0.492774
0.492673
0.492586
0.493272
0.493568
0.493737
0.495398
0.495795
0.496537
0.497402
0.497614
0.499096
0.500516
0.500901
0.502403
0.502876
0.502925
0.503505
0.503933
0.503958
0.503956
0.504668
0.505286
0.5055
0.50623
0.506748
0.507382
0.50777
0.507781
0.507532
0.508204
0.508895
0.509166
0.509189
0.509231
0.509538
0.510072
0.511179
0.51109
0.511251
0.511284
0.511555
0.512668
0.512912
0.513209
0.513533
0.514621
0.514709
0.51483
0.515118
0.514796
