0.371479
0.361836
0.360458
0.346467
0.338069
0.346655
0.353517
0.354171
0.353176
0.352024
0.340408
0.333135
0.325629
0.318397
0.311889
0.308243
0.305058
0.301964
0.297553
0.29407
0.296379
0.297615
0.299757
0.301659
0.301657
0.302184
0.303215
0.303384
0.304348
0.304175
0.30457
0.307021
0.306807
0.307855
0.308518
0.308403
0.308559
0.310128
0.31061
0.310773
0.31113
0.312117
0.312827
0.313396
0.313835
0.313993
0.313264
0.31307
0.313416
0.313799
0.313841
0.312567
0.312097
0.311965
0.310967
0.310481
0.310383
0.310435
0.310437
0.310203
0.310535
0.310283
0.310678
0.310241
