0.55609
0.558327
0.558808
0.561563
0.568461
0.573393
0.573856
0.577699
0.579897
0.582192
0.576282
0.572164
0.567525
0.56354
0.559059
0.555865
0.550696
0.548288
0.5445
0.540472
0.538809
0.53744
0.5353
0.534065
0.532615
0.531408
0.529101
0.527691
0.526307
0.52354
0.523362
0.523602
0.522582
0.522554
0.521585
0.51987
0.519391
0.519266
0.518353
0.517702
0.517098
0.516616
0.516509
0.516377
0.51604
0.515544
0.515338
0.51507
0.515024
0.513616
0.514109
0.514075
0.514102
0.513895
0.51299
0.512623
0.513009
0.512232
0.512209
0.512613
0.512882
0.511771
0.511856
0.511567
0.511021
0.510924
0.510565
0.510655
0.510455
0.509873
0.50945
0.509039
0.508241
0.507823
