0.167553
0.140026
0.132025
0.127558
0.120132
0.117621
0.110982
0.109449
0.103314
0.0996776
0.103324
0.107072
0.110083
0.115551
0.119692
0.125133
0.127
0.131772
0.13432
0.138187
0.139791
0.143481
0.146466
0.149399
0.151355
0.152888
0.153858
0.15606
0.15848
0.158459
0.161037
0.163463
0.165159
0.167715
0.168988
0.16863
0.169632
0.170531
0.172282
0.173323
0.174482
0.175907
0.176345
0.178797
0.179347
0.181097
0.181745
0.182559
0.185124
0.186544
0.187757
0.187465
0.187755
0.188419
0.188559
0.18976
0.190546
0.191015
0.192253
0.193003
0.194287
0.195336
0.196677
0.196658
0.197623
0.198288
0.199237
0.199719
0.199912
0.199942
0.199986
0.200747
0.201143
0.202277
