0.321918
0.312338
0.316676
0.318758
0.301336
0.298936
0.28934
0.292363
0.294118
0.294002
0.297368
0.301817
0.304497
0.308086
0.311865
0.312423
0.312493
0.314985
0.315624
0.316517
0.317
0.317609
0.31796
0.319233
0.320125
0.320524
0.32169
0.323249
0.323544
0.323831
0.323798
0.324874
0.32393
0.322926
0.321231
0.321588
0.321427
0.320918
0.320931
0.320065
0.319305
0.318771
0.318088
0.316576
0.315212
0.313996
0.313505
0.312382
0.312613
0.312258
0.311456
0.311074
0.31059
0.30965
0.309248
0.308483
0.308137
0.307121
0.306441
0.305409
0.304207
0.30382
0.302841
0.302119
