0.400327
0.377796
0.372323
0.365361
0.368664
0.374863
0.371798
0.373281
0.372093
0.372097
0.38099
0.390448
0.396949
0.402991
0.408915
0.415005
0.420635
0.426239
0.429548
0.433517
0.436144
0.440195
0.443153
0.446602
0.450765
0.453422
0.455963
0.459526
0.462797
0.465532
0.469107
0.472559
0.475379
0.479208
0.481779
0.483832
0.485167
0.487291
0.489416
0.490563
0.493783
0.49601
0.496874
0.498514
0.499905
0.501437
0.503166
0.504864
0.50669
0.508964
0.5114
0.51269
0.514222
0.515549
0.516913
0.518248
0.520405
0.522362
0.523521
0.523965
0.526585
0.527941
0.529053
0.530271
0.532205
0.53334
0.534729
0.535742
0.536298
0.536533
0.537399
0.538535
0.539375
0.540228
0.540994
0.541639
0.543018
0.543532
0.544286
0.544536
0.5456
0.546037
