0.0108108
0.00534045
0.00450045
0.00404313
0.00324149
0.00359551
0.00308523
0.00270636
0.00272727
0.00246305
0.0173547
0.0328532
0.0459742
0.0586723
0.0676253
0.0762878
0.0853838
0.0966565
0.105067
0.114313
0.12433
0.130349
0.137008
0.144095
0.1517
0.15792
0.164418
0.171228
0.177453
0.181831
0.187669
0.19082
0.196185
0.200318
0.204578
0.209829
0.213804
0.217913
0.222874
0.227908
0.232872
0.237939
0.241513
0.244498
0.248983
0.252003
0.255585
0.258028
0.260118
0.26294
0.266208
0.269737
0.272685
0.27626
0.279
0.280928
0.282885
0.284296
0.285518
0.288326
0.289695
0.291656
0.293507
0.295066
0.296929
0.29879
0.300824
0.303233
0.304733
0.306865
0.30874
0.311429
0.313147
0.315708
0.317964
0.319813
0.322315
0.323061
0.324244
0.325691
0.327188
0.328947
