0.319419
0.311416
0.330559
0.332436
0.326597
0.328833
0.330493
0.330088
0.332458
0.331221
0.333772
0.33494
0.335417
0.336043
0.335143
0.337957
0.338414
0.340798
0.341816
0.342449
0.342806
0.341551
0.341207
0.342584
0.341798
0.342754
0.343455
0.342544
0.341981
0.34178
0.341678
0.342332
0.342904
0.34389
0.344017
0.343618
0.344114
0.344379
0.343689
0.34425
0.345264
0.344656
0.343958
0.344892
0.34497
0.344961
0.346377
0.347104
0.347583
0.346782
0.347475
0.347908
0.348223
0.348245
0.3481
0.348369
0.348713
0.348793
0.348363
0.347835
0.348287
0.348615
0.349456
0.349568
0.350414
0.350529
0.350671
0.350773
0.351459
0.351517
0.351418
0.351456
