0.166667
0.0681818
0.0441176
0.032967
0.027027
0.0229008
0.0197368
0.0175439
0.0153061
0.012931
0.0125523
0.0120968
0.011583
0.0110294
0.0105263
0.0101695
0.00974026
0.00946372
0.00909091
0.00879765
0.00869565
0.00835655
0.00819672
0.008
0.00777202
0.0075
0.00742574
0.00728155
0.00712589
0.00684932
0.00671141
0.00647948
0.00627615
0.00614754
0.00603622
0.00589391
0.00769231
0.00757576
0.00746269
0.00733945
0.0269784
0.0441696
0.0607639
0.079932
0.0922819
0.113115
0.137161
0.150706
0.157321
0.174046
0.186466
0.206745
0.218208
0.235876
0.243357
0.254821
0.264946
0.273826
0.28628
0.295573
0.30552
0.313452
0.328784
0.33701
0.343447
0.352871
0.365023
0.371661
0.377445
0.388701
0.394177
0.401549
0.405495
0.408743
0.413232
0.420771
0.428118
0.438797
0.443988
0.447395
0.454087
0.461155
