0.0582011
0.0521262
0.0467372
0.0435069
0.0433404
0.04471
0.0456621
0.0444444
0.0437078
0.043042
0.0612245
0.0756404
0.0886517
0.101611
0.11051
0.120686
0.132688
0.139268
0.150075
0.157423
0.165329
0.173598
0.180628
0.187398
0.19199
0.197988
0.203385
0.209227
0.212099
0.21719
0.220025
0.22435
0.228444
0.23134
0.235324
0.237961
0.241268
0.244144
0.246477
0.249321
0.251447
0.253718
0.255449
0.25991
0.26239
0.264831
0.267392
0.271213
0.272824
0.275505
0.275914
0.276791
0.278467
0.279481
0.279841
0.280056
0.280505
0.28183
0.282391
0.283612
0.285065
0.28552
0.286516
0.287118
0.288333
0.289574
0.288804
0.290239
0.291325
0.291784
0.291473
0.29159
0.292329
0.292924
