0.53537
0.516129
0.502144
0.491744
0.495174
0.497728
0.494968
0.491675
0.492041
0.490584
0.493745
0.49651
0.501991
0.504113
0.506783
0.510682
0.513577
0.515895
0.518936
0.520321
0.523378
0.526349
0.528739
0.530289
0.531808
0.533949
0.536393
0.537689
0.539737
0.541259
0.542876
0.544534
0.544777
0.546617
0.547568
0.548849
0.549861
0.550158
0.551758
0.55243
0.553528
0.553499
0.553207
0.553853
0.555172
0.556023
0.556488
0.557461
0.557476
0.55815
0.55842
0.558499
0.559237
0.560541
0.559769
0.56
0.560203
0.55983
0.559774
0.560022
0.560163
0.55993
0.559627
0.55922
0.559143
0.5595
0.559737
0.55998
0.560101
0.560617
0.561474
0.562305
0.562584
0.563044
