0.320144
0.341895
0.353402
0.348972
0.34064
0.351714
0.35674
0.350795
0.349371
0.350792
0.349315
0.349059
0.351821
0.352466
0.352549
0.351611
0.351217
0.351699
0.351484
0.35182
0.34774
0.346535
0.345004
0.343444
0.343802
0.341678
0.340484
0.339649
0.339589
0.339315
0.338792
0.336989
0.337527
0.337198
0.336955
0.335416
0.335038
0.335027
0.33358
0.333348
0.331984
0.330798
0.330241
0.32955
0.32806
0.3265
0.325447
0.325003
0.324105
0.323776
0.32334
0.323304
0.322997
0.322005
0.32144
0.321677
0.320917
0.320834
0.320913
0.320055
0.319443
0.318912
0.31847
0.31801
