0.561345
0.521162
0.507504
0.510524
0.505808
0.506347
0.503874
0.499692
0.495706
0.492613
0.49449
0.495012
0.497458
0.497686
0.498787
0.49825
0.498743
0.500911
0.501642
0.502552
0.50022
0.495992
0.491853
0.48993
0.487257
0.485575
0.483063
0.479546
0.475671
0.47424
0.470096
0.466413
0.46316
0.461088
0.458647
0.455782
0.452103
0.449106
0.447118
0.444538
0.441811
0.439153
0.436727
0.434575
0.432429
0.4302
0.427757
0.426307
0.424111
0.422309
0.420682
0.417511
0.415914
0.413296
0.412
0.409601
0.407955
0.40635
0.404726
0.403275
0.401953
0.400178
0.398625
0.397315
0.396228
0.394327
0.393442
0.391785
0.390985
0.390393
0.389542
0.388265
0.387086
0.385928
0.385022
0.383997
0.383574
0.382148
0.381073
0.380592
0.379758
0.379243
0.378116
0.377558
0.377187
0.376532
0.375932
0.375151
0.374819
0.37419
0.373374
0.372806
0.372458
0.372146
0.371571
0.370869
0.370331
0.37023
0.369852
0.369645
0.369379
0.369127
0.369015
0.368592
0.368008
0.367704
0.367298
0.366982
0.366444
0.365746
0.365518
0.36564
0.365444
0.365394
0.365064
0.364908
0.364566
0.364375
0.364419
0.364343
0.364408
0.364121
0.363666
0.363283
0.363083
0.362912
0.362831
0.362572
0.362166
0.362639
0.362287
0.361899
0.361749
0.361128
0.361019
0.360901
0.360711
0.360523
0.360525
0.360429
0.360258
0.360211
0.359643
0.359562
0.359246
0.358746
0.358508
0.35869
0.358896
0.358592
0.358421
0.358086
0.358141
0.358099
0.358031
0.35822
0.358084
0.357951
0.358111
0.357817
0.35758
0.357412
0.357303
0.357461
0.35758
0.357678
0.357656
0.35743
0.357403
0.357353
0.357581
0.357689
0.357502
0.35756
0.357536
0.357663
0.357355
0.357095
0.356792
0.356627
0.356557
0.356266
0.356285
0.356008
0.356052
0.355972
0.3557
0.355716
0.356007
0.355683
0.355814
0.355855
0.356026
0.356126
0.356059
0.356044
0.356133
0.356345
0.356509
