0.0342105
0.0292553
0.0308914
0.0336474
0.0336359
0.0330652
0.0325329
0.0319185
0.0319952
0.0323721
0.0363353
0.0389027
0.0402492
0.0425777
0.0439609
0.0453282
0.0458204
0.047381
0.0489456
0.0487117
0.0490124
0.0508055
0.0515428
0.0518655
0.0522534
0.0527822
0.0534079
0.0537634
0.0536952
0.053641
0.053277
0.0527258
0.0524188
0.052119
0.0515464
0.0519136
0.0518436
0.0525613
0.0521118
0.0531108
0.0529513
0.0529451
0.0526374
0.0525347
0.0529456
0.0528856
0.0532453
0.0532887
0.0533772
0.0537624
0.0535818
0.0534627
0.0535564
0.0533444
0.0531664
0.0529801
0.0527572
0.0531859
0.0533012
0.053529
0.0535041
0.0534137
0.0532443
0.0535858
0.0535009
0.0533458
0.0531293
0.0527717
0.0529956
0.0529403
0.0529709
0.0530698
0.0531961
0.0528323
0.0524995
0.0528455
0.0534814
0.0535919
0.05393
0.0539367
0.0537851
0.054424
0.0545165
0.0544517
0.0541146
0.0539675
0.0537183
0.0536909
0.0535235
0.0537774
0.0536897
0.05353
0.0535889
0.05355
0.0536511
0.0536124
0.0537247
0.0537381
0.0537833
0.0539171
0.0541769
0.0541459
0.0545617
0.054573
0.0544411
0.0544392
0.0547145
0.05468
0.0547966
0.0548886
0.0549294
0.0550691
0.0550299
0.0550872
0.0551911
0.0549922
0.055124
0.0552923
0.0552328
0.0556496
0.0558104
0.0557209
0.0554386
0.0556889
0.0557565
0.0557842
0.05613
0.056059
0.0561653
0.0563926
0.0563136
0.0563386
0.0563122
0.056183
0.0563293
0.056338
0.0562632
0.0562767
0.0562297
0.0563067
0.0563347
0.0562463
0.0559863
0.0558718
0.0556453
0.0557148
0.0558002
0.0559433
0.0560618
0.0563365
0.0563521
0.0563022
0.056237
0.056273
0.0562968
0.0564742
0.0566065
0.0567111
0.0568387
0.0572221
0.0572966
0.0575192
0.057693
0.057984
0.0580791
0.0582455
0.058169
0.0583605
0.0583099
0.0583536
0.0584087
0.0584651
0.0585575
0.0584938
0.058545
0.0585559
0.0586763
0.0585982
0.0584875
0.0586657
0.0586943
0.058649
0.058882
0.0589854
0.0589412
0.0590198
0.059051
0.0591228
0.0592099
0.0590158
0.058899
0.0589284
0.0590096
0.0590745
0.0591764
0.0592949
0.059354
0.0593262
0.0592816
