0.192727
0.166667
0.169856
0.165625
0.170328
0.16611
0.163049
0.161692
0.161049
0.162098
0.179534
0.198275
0.211275
0.221875
0.234347
0.245011
0.251359
0.256369
0.259277
0.264525
0.268538
0.271203
0.274365
0.278665
0.284268
0.288352
0.291062
0.290803
0.29256
0.293591
0.293995
0.292862
0.2907
0.290299
0.291637
0.292165
0.291308
0.291234
0.291642
0.291766
0.289728
0.286731
0.285266
0.28357
0.282676
0.279624
0.277759
0.276032
0.274578
0.272442
0.270713
0.270656
0.269736
0.269278
0.269046
0.269031
0.268575
0.267797
0.267492
0.267353
0.265748
0.264525
0.263591
0.263389
0.263105
0.262329
0.26207
0.261705
0.260857
0.260674
0.260291
0.26024
0.260467
0.260197
0.259848
0.259297
0.258674
0.258715
0.258254
0.258045
0.257424
0.256708
0.256434
0.255989
0.255674
0.255469
0.255861
0.255772
0.255708
0.255517
0.255299
0.255364
0.254894
0.254909
0.254724
0.254685
0.254444
0.254804
0.254695
0.254558
0.253839
0.253736
0.253574
0.253086
0.25239
0.25196
0.251658
0.251171
0.250726
0.250554
0.250393
0.24974
0.248463
0.248261
0.247987
0.24749
0.247407
0.246858
0.246488
0.246781
0.246424
0.246013
0.245409
0.244633
0.244629
0.244457
0.244059
0.243761
0.243447
0.242995
0.242968
0.24252
0.24207
0.241433
0.24068
0.240453
0.240284
0.240065
0.240329
0.240377
0.239586
0.239108
0.238366
0.237742
0.237172
0.236821
0.236227
0.235804
0.2354
0.234894
0.235344
0.23539
0.235481
0.235567
0.235506
0.235275
0.235416
0.235473
0.235574
0.235611
0.235748
0.235818
0.235836
0.235976
0.236157
0.236261
0.236206
0.236105
0.236163
0.236386
0.235845
0.235393
0.23501
0.235036
0.23483
0.234686
0.234487
0.234286
0.234301
0.234153
0.234238
0.234127
0.234348
0.234432
0.234293
0.234226
0.234329
0.234488
0.234517
