0
0
0
0
0
0
0
0
0
0
0
0
0
0
0
0
0
0
0
0
0
0
0
0
0
0
0
0
0
0
0
0
0
0
0
0
0
0
0
0
0.0213904
0.0402098
0.0550775
0.0726351
0.0910596
0.105863
0.124402
0.154083
0.16055
0.178144
0.190265
0.207792
0.219061
0.232168
0.244842
0.259109
0.268975
0.282353
0.294344
0.303299
0.31375
0.322222
0.331303
0.342515
0.348754
0.355634
0.365318
0.374715
0.383838
0.392699
0.4
0.407767
0.414088
0.418432
0.426931
0.433437
0.436923
0.44264
0.449348
0.456436
0.464912
0.470588
0.475143
0.482075
0.487873
0.493075
0.498172
0.503167
0.508505
0.514589
0.519264
0.523023
0.528351
0.533163
0.539043
0.54553
0.549261
0.554745
0.558682
0.56255
0.564976
0.568057
0.571094
0.571763
0.575734
0.578017
0.57931
0.583776
0.586907
0.590299
0.593032
0.59662
0.599854
0.602462
0.604752
0.608137
0.61119
0.614195
0.617155
0.619279
0.622421
0.625767
0.628049
0.630303
0.634
0.6357
0.63834
0.641411
0.64512
0.648077
0.650096
0.652091
0.654282
0.657731
0.660272
0.662569
0.665448
0.666464
0.668077
0.67027
0.672239
0.674763
0.676488
0.67876
0.680814
0.682292
0.684301
0.686106
0.687358
0.689831
0.692609
0.69398
0.696182
0.698352
0.700491
0.702116
0.703564
0.70468
0.707044
0.709984
0.711508
0.713016
0.715544
0.716864
0.718028
0.719469
0.721037
0.722025
0.724259
0.7255
0.727273
0.728352
0.729557
0.731409
0.733236
0.734654
0.735804
0.737069
0.737822
0.739687
0.740793
0.742132
0.743697
0.745244
0.746303
0.747702
0.749086
0.750341
0.751359
0.752925
0.754362
0.755892
0.75708
0.758363
0.759527
0.760993
0.762338
0.76326
0.764378
