0.0575916
0.0702211
0.0605263
0.0608241
0.0618773
0.0644307
0.063997
0.0615435
0.0575477
0.0582854
0.0635318
0.0719751
0.0802752
0.0832781
0.087391
0.0864375
0.0878594
0.0892064
0.0961394
0.101036
0.101447
0.104516
0.104992
0.105374
0.104691
0.104478
0.104214
0.103584
0.102656
0.101728
0.100776
0.0997738
0.0997653
0.0984423
0.0980294
0.0973851
0.0969632
0.0961176
0.0968375
0.09623
0.0965195
0.0960594
0.0961952
0.0960422
0.0958791
0.0953545
0.0954195
0.0950315
0.095418
0.0953016
0.0949878
0.0953349
0.0947273
0.0945438
0.0939893
0.094523
0.0944397
0.0941454
0.0938019
0.0937577
0.0934239
0.0932407
0.0926918
0.0922179
0.0922711
0.0917501
0.0917871
0.0912786
0.091128
0.0910075
0.0907277
0.0904805
0.0904742
0.0907219
