0.514563
0.528838
0.522043
0.517604
0.51859
0.513658
0.512939
0.512274
0.512089
0.510204
0.509575
0.506406
0.508426
0.505717
0.507562
0.503132
0.499199
0.496486
0.499364
0.498658
0.499513
0.499526
0.498671
0.496767
0.49444
0.492962
0.49126
0.490804
0.487528
0.485631
0.483887
0.481644
0.47924
0.477014
0.475409
0.473786
0.47167
0.469887
0.468618
0.467854
0.46664
0.464492
0.463828
0.462548
0.461752
0.461534
0.460078
0.459335
0.458464
0.4571
0.455515
0.45349
0.451497
0.45049
0.448404
0.447012
0.445926
0.444524
0.444191
0.443109
0.442074
0.441202
0.439805
0.438298
0.43703
0.435804
0.435138
0.43487
0.434449
0.433887
0.432406
0.431573
0.431245
0.430814
