0.177893
0.192586
0.205128
0.203704
0.204059
0.19138
0.18487
0.181654
0.189583
0.19345
0.190195
0.189932
0.186546
0.183035
0.181895
0.177728
0.176521
0.174511
0.175119
0.1732
0.178056
0.183391
0.187226
0.19079
0.195637
0.199016
0.202028
0.204637
0.207145
0.209996
0.213419
0.216912
0.219478
0.223221
0.226168
0.228242
0.23078
0.233999
0.235218
0.236762
0.237594
0.237918
0.238221
0.238635
0.238581
0.238922
0.239035
0.239766
0.239816
0.241091
0.241906
0.24111
0.241094
0.241933
0.242141
0.241633
0.242275
0.24274
0.243209
0.243406
0.243799
0.244284
0.244879
0.244034
