0.334405
0.348387
0.342842
0.344055
0.341329
0.336489
0.335275
0.333061
0.336831
0.339475
0.352034
0.362874
0.371539
0.379887
0.388593
0.397581
0.404919
0.412188
0.41754
0.426124
0.432669
0.437853
0.441947
0.447631
0.451749
0.456135
0.460514
0.466032
0.469133
0.472456
0.475839
0.479987
0.483894
0.487347
0.4904
0.493929
0.496009
0.49913
0.501422
0.504085
0.505824
0.507743
0.509395
0.512709
0.514828
0.516747
0.519106
0.520746
0.522327
0.523602
0.525639
0.527219
0.528894
0.530454
0.531784
0.533123
0.533552
0.535489
0.53735
0.538786
0.540304
