0
0
0
0
0
0
0.000393856
0.000688942
0.000615764
0.000829187
0.0195509
0.0345528
0.049301
0.0658144
0.0771337
0.0927269
0.104782
0.115021
0.127469
0.139687
0.150393
0.161022
0.170351
0.178181
0.18471
0.194211
0.202049
0.20963
0.216435
0.223517
0.227066
0.232873
0.237647
0.242909
0.248045
0.253129
0.258584
0.263171
0.266186
0.268678
0.27402
0.278244
0.283029
0.285917
0.289231
0.293133
0.297017
0.299063
0.302521
0.306179
0.308644
0.311001
0.31377
0.317399
0.319619
0.32131
0.323496
0.325877
0.327813
0.330288
0.331385
