0.594771
0.579675
0.562602
0.551542
0.546044
0.547292
0.545981
0.547798
0.54521
0.544532
0.541609
0.536781
0.535443
0.530862
0.525404
0.523171
0.519432
0.516575
0.514509
0.511778
0.510166
0.509659
0.507493
0.504037
0.50353
0.502732
0.500735
0.5
0.498994
0.497649
0.496624
0.496331
0.496611
0.496255
0.496071
0.494842
0.494587
0.49381
0.493374
0.492875
0.491969
0.491641
0.490551
0.489366
0.489481
0.489661
0.48923
0.489264
0.488668
0.487902
0.487311
0.487033
0.487229
0.48765
0.486822
0.486576
0.486081
0.485054
0.484993
0.484757
0.484291
0.484048
0.483237
0.482403
0.481841
0.481308
0.48031
0.480138
0.480027
0.479545
0.479183
0.478855
0.478027
0.478094
