0.149485
0.146753
0.128139
0.123047
0.117954
0.11446
0.109206
0.107062
0.101576
0.0983909
0.104745
0.108968
0.112454
0.115893
0.118196
0.121706
0.124647
0.127593
0.131229
0.13267
0.136469
0.139164
0.142929
0.146253
0.148885
0.151548
0.153811
0.156576
0.156681
0.158865
0.160244
0.160797
0.163117
0.164591
0.16618
0.168138
0.167826
0.169825
0.171254
0.171956
0.172968
0.173231
0.174487
0.174869
0.175586
0.176143
0.177758
0.178433
0.180698
0.180907
0.181861
0.181486
0.181081
0.181513
0.1819
0.183319
0.184059
0.183938
0.18407
0.185194
0.184981
0.184679
0.184331
0.184802
0.184966
0.185162
0.184896
0.185682
0.185945
0.185963
0.186568
0.186637
0.187142
0.187099
