0.2959
0.288513
0.287215
0.284524
0.277994
0.276809
0.277877
0.279307
0.277185
0.279024
0.286059
0.290656
0.295026
0.298094
0.301495
0.301557
0.305608
0.308134
0.307772
0.31044
0.311053
0.310588
0.31096
0.312129
0.31234
0.311801
0.312389
0.313954
0.314198
0.314969
0.314273
0.313217
0.314531
0.312474
0.312685
0.311781
0.311973
0.311547
0.311899
0.309793
0.308894
0.306737
0.305069
0.304383
0.303395
0.303
0.301176
0.300049
0.299396
0.298551
0.296818
0.295439
0.294842
0.293488
0.292651
0.291167
0.290203
0.289018
0.288231
0.287446
0.286639
0.2859
0.285389
0.285078
