0.353923
0.370732
0.375345
0.374793
0.375
0.376839
0.377336
0.381389
0.381056
0.382011
0.390451
0.397028
0.403997
0.411321
0.415536
0.420889
0.425798
0.430286
0.433604
0.43883
0.444322
0.448653
0.453171
0.457285
0.462062
0.465897
0.468354
0.47179
0.473308
0.476849
0.480374
0.482291
0.48668
0.488958
0.49101
0.492719
0.495333
0.497951
0.500072
0.501757
0.503341
0.505215
0.506487
0.508916
0.51061
0.511569
0.512206
0.514218
0.515665
0.516553
0.518203
0.520617
0.52242
0.524681
0.525754
0.527717
0.528195
0.529774
0.530798
0.531824
0.533003
0.533208
0.534385
0.535826
0.536795
0.53739
0.537917
0.53882
0.5397
0.540672
0.541907
0.542718
0.542928
0.544224
0.545317
0.546028
0.546633
0.547605
0.548439
0.550107
0.551248
0.552095
0.553161
0.554101
0.554631
