0.00537634
0.0041958
0.00361337
0.00271739
0.00439078
0.00415512
0.00394477
0.00381547
0.004
0.00386954
0.0193275
0.0345616
0.0502562
0.0623383
0.0734361
0.0846977
0.09752
0.10859
0.118038
0.12652
0.136347
0.145199
0.152943
0.16155
0.168543
0.174452
0.179916
0.188104
0.194996
0.199914
0.205651
0.211689
0.216296
0.222077
0.226154
0.230035
0.232858
0.237975
0.241832
0.245152
0.248374
0.251738
0.254435
0.25804
0.261563
0.265261
0.268135
0.270033
0.272294
0.275119
0.277986
0.280416
0.283119
0.286238
0.289388
0.29167
0.294608
0.297729
0.300264
0.3036
0.305118
0.306818
0.308368
0.310416
0.312947
0.314536
0.316612
0.31802
0.319079
0.32166
0.324007
0.325456
0.326388
0.327857
0.329595
0.331061
0.332493
0.33403
0.335023
0.33595
0.337353
0.338535
0.339886
0.341157
0.342572
