0.32069
0.322581
0.31136
0.317843
0.313628
0.311237
0.30911
0.311266
0.316763
0.315988
0.320039
0.323441
0.325614
0.329513
0.332331
0.330065
0.329659
0.330901
0.331626
0.333032
0.334765
0.336285
0.336082
0.337076
0.337069
0.336184
0.336259
0.337016
0.336412
0.336732
0.337518
0.338151
0.339244
0.339901
0.340103
0.340201
0.340414
0.340912
0.341025
0.341266
0.343064
0.342505
0.342735
0.343101
0.343494
0.344388
0.3442
0.344324
0.344311
0.344239
0.343734
0.343972
0.343743
0.344141
0.344312
0.344162
0.34359
0.343466
0.343911
0.343545
0.343617
0.344127
0.344433
0.345446
0.345353
0.345814
0.346115
0.346156
0.346351
0.346811
0.347185
0.347713
0.348039
0.347461
0.347801
