0.724138
0.727273
0.72619
0.601852
0.57971
0.646341
0.686486
0.718447
0.753138
0.745318
0.742754
0.738676
0.72973
0.71246
0.708075
0.689349
0.679083
0.669444
0.662125
0.659574
0.659794
0.651515
0.644608
0.647482
0.647059
0.638444
0.631696
0.628571
0.62256
0.618844
0.614407
0.610309
0.610998
0.615842
0.611111
0.607076
0.600733
0.603232
0.594406
0.598276
0.607083
0.614876
0.624799
0.628389
0.639319
0.644817
0.651719
0.655835
0.661337
0.667618
0.670904
0.677285
0.680384
0.684282
0.689747
0.692612
0.697403
0.701282
0.708385
0.712346
0.716545
0.720624
0.723934
0.72907
0.732798
0.735828
0.738202
0.741398
0.742826
0.747014
0.750268
0.753439
0.756276
0.758549
0.762487
0.763692
0.764884
0.767
0.769763
0.774006
0.77682
0.779356
0.781221
0.782446
0.785451
