0.404022
0.416438
0.394866
0.395995
0.394794
0.380853
0.377993
0.369183
0.367953
0.367951
0.359993
0.358222
0.353379
0.348368
0.342187
0.339294
0.334285
0.330538
0.32783
0.324319
0.32148
0.315592
0.310843
0.307171
0.304647
0.301997
0.298825
0.296242
0.292773
0.290627
0.289083
0.28613
0.283806
0.282652
0.281434
0.279088
0.279056
0.278112
0.276151
0.274674
0.273099
0.270983
0.268843
0.266245
0.26436
0.261519
0.260888
0.260031
0.258996
0.257558
0.256853
0.256462
0.256151
0.256044
0.255873
0.25524
0.254732
0.254386
0.254082
0.253609
0.253097
0.251397
0.250494
0.249697
