0.557522
0.543845
0.555118
0.558983
0.554384
0.560208
0.568155
0.569004
0.57148
0.568219
0.570694
0.575568
0.577116
0.578882
0.580782
0.582663
0.586003
0.588074
0.5893
0.591472
0.592047
0.592655
0.593144
0.594404
0.593738
0.594691
0.594817
0.594496
0.594164
0.593979
0.594487
0.593475
0.592454
0.591324
0.590933
0.590749
0.590473
0.58963
0.588244
0.587066
0.586265
0.587118
0.585821
0.586385
0.586668
0.586096
0.584671
0.583974
0.583411
0.583617
0.583225
0.582798
0.582109
0.581143
0.580712
0.580469
0.579995
0.580426
0.580142
0.579096
0.578849
0.578958
0.578759
0.578489
0.57824
0.578076
0.578618
0.578147
0.578029
0.577047
0.577495
0.577635
0.577845
0.577526
