0.151724
0.13145
0.131751
0.121799
0.119532
0.1185
0.118619
0.113541
0.113931
0.114826
0.128593
0.142755
0.156478
0.168208
0.176508
0.186702
0.197734
0.20697
0.215686
0.221175
0.228024
0.231413
0.239748
0.245478
0.251726
0.255632
0.256862
0.259968
0.261598
0.265789
0.268545
0.271072
0.27452
0.276925
0.279547
0.281048
0.282073
0.283529
0.284855
0.287156
0.290477
0.290935
0.293281
0.293789
0.294776
0.295269
0.295505
0.296801
0.296635
0.297333
0.29699
0.297557
0.298051
0.298888
0.300115
0.300548
0.300978
0.301711
0.301129
0.299868
0.299772
0.300609
0.299897
0.300172
0.299692
0.299452
0.30043
0.300654
0.301718
0.302103
0.302371
0.303354
0.30391
0.303879
