0.428044
0.395795
0.394366
0.386053
0.384588
0.379873
0.376947
0.376703
0.371883
0.372308
0.370212
0.369089
0.369059
0.367059
0.364251
0.361541
0.357653
0.35515
0.354024
0.354202
0.351451
0.349499
0.347317
0.344662
0.343243
0.342145
0.340455
0.339319
0.338511
0.336398
0.333818
0.331528
0.330707
0.329544
0.327528
0.325353
0.323981
0.322669
0.321452
0.319739
0.319311
0.318297
0.316964
0.316678
0.316376
0.316076
0.314941
0.314423
0.313535
0.312031
0.310831
0.310198
0.309323
0.308655
0.308134
0.307851
0.307418
0.307327
0.306882
0.305806
0.305092
0.304973
0.304596
0.303941
