0.0904393
0.0791946
0.0672646
0.070898
0.0760171
0.0738255
0.0753425
0.0755095
0.0744461
0.0754264
0.0914681
0.111002
0.122003
0.134345
0.148422
0.157906
0.168667
0.177178
0.186418
0.194126
0.199067
0.205494
0.209271
0.214462
0.216945
0.219916
0.224254
0.227293
0.230009
0.233617
0.235424
0.235708
0.23513
0.235264
0.237726
0.238724
0.23981
0.239362
0.241108
0.241622
0.242777
0.241437
0.2415
0.242609
0.243767
0.243182
0.243782
0.244778
0.245636
0.245853
0.244898
0.243556
0.24253
0.24055
0.240314
0.239458
0.239844
0.240373
0.240061
0.240137
0.240223
0.240058
0.239741
0.239877
0.239863
0.238737
0.238787
0.239318
0.240661
0.239716
0.239754
0.23895
0.238284
0.237339
